height: 480
width: 640

distortion_model: plumb_bob
D: [9.2615504465028850e-02, -1.8082438825995681e-01, -6.5484100374765971e-04, -3.5829351558557421e-04, 0.000000]
K: [6.0970550296798035e+02, 0.000000, 3.1916667152289227e+02, 0.000000, 6.0909579671294716e+02, 2.3558360480225772e+02,0.000000, 0.000000, 1.000000]

Factor: 0.001

header:
  frame_id: base_scan
  child_frame_id: camera
transform:
  rotation:
    x: -0.525367
    y: 0.492552
    z: -0.473124
    w: 0.50748
  translation:
    x: -0.01
    y: -0.08
    z: -0.22
